0.4978041648864746
0.5172379016876221
0.5540647506713867
0.5549654960632324
0.5016124248504639
0.5106658935546875
0.5099804401397705
0.5113933086395264
0.5089361667633057
0.4704122543334961
0.4788644313812256
0.5028483867645264
0.5182204246520996
0.4919924736022949
0.5001311302185059
0.7587778568267822
1.3628089427947998
1.3704757690429688
1.3809814453125
1.270146131515503
1.3440759181976318
1.3434944152832031
1.2281360626220703
1.280729055404663
1.3390936851501465
1.2865304946899414
1.3130130767822266
1.3437435626983643
1.3263752460479736
1.3159286975860596
1.3764572143554688
1.322035312652588
1.72049880027771
1.6122283935546875
0.6501147747039795
0.6498713493347168
0.5141222476959229
0.5385301113128662
0.5132379531860352
0.5064647197723389
0.4862215518951416
0.47414660453796387
0.48276257514953613
0.5189270973205566
0.6188805103302002
0.5538134574890137
0.553992509841919
0.5942339897155762
0.5545651912689209
0.5559585094451904
0.583871603012085
0.5829408168792725
0.5509343147277832
0.5807938575744629
0.5557694435119629
0.5118050575256348
0.5028057098388672
0.5138754844665527
0.5337579250335693
0.5355393886566162
0.5497376918792725
0.5666689872741699
0.5413854122161865
0.511296272277832
0.51987624168396
0.532581090927124
0.5485339164733887
0.5985705852508545
0.567619800567627
0.5645408630371094
0.5374975204467773
0.508159875869751
0.4958043098449707
0.5718693733215332
0.541994571685791
0.5427653789520264
0.5438129901885986
0.5224647521972656
0.48824596405029297
0.5472817420959473
0.5010125637054443
0.5703940391540527
0.5563304424285889
0.5393238067626953
0.510798454284668
0.500842809677124
0.5222568511962891
0.5158441066741943
0.5092906951904297
0.519568681716919
0.5222656726837158
0.5025014877319336
0.5125598907470703
0.5164780616760254
0.5389657020568848
0.49535083770751953
0.5466482639312744
0.548128604888916
0.5397491455078125
0.5244138240814209
