0.49828433990478516
0.49814844131469727
0.4988420009613037
0.49942827224731445
0.49832892417907715
0.48886871337890625
0.4970545768737793
0.4855368137359619
0.513761043548584
0.48605895042419434
0.5060021877288818
0.482680082321167
0.49521422386169434
0.5146384239196777
0.4848623275756836
0.5161380767822266
0.49747276306152344
0.504765510559082
0.49501800537109375
0.4868760108947754
0.49758362770080566
0.4904015064239502
0.5136077404022217
0.5112872123718262
0.5193219184875488
0.5066971778869629
0.5018341541290283
0.48586511611938477
0.5022492408752441
0.5154275894165039
0.4927399158477783
0.4928593635559082
0.49852633476257324
0.5072436332702637
0.49472618103027344
0.5028984546661377
0.49281954765319824
0.49965906143188477
0.49837160110473633
0.4906771183013916
0.513277530670166
0.49713730812072754
0.4899470806121826
0.5143120288848877
0.4882633686065674
0.5300073623657227
0.48627591133117676
0.5132269859313965
0.48276185989379883
0.5104384422302246
0.4981064796447754
0.5059001445770264
0.4955592155456543
0.5141894817352295
0.4925272464752197
0.4919452667236328
0.4912395477294922
0.4930095672607422
0.4985489845275879
0.5102245807647705
0.4942448139190674
0.4988076686859131
0.49231386184692383
0.5065901279449463
0.49738359451293945
0.49594831466674805
0.4912533760070801
0.49954938888549805
0.4998745918273926
0.48526644706726074
0.5051150321960449
0.49742770195007324
0.4823179244995117
0.5207564830780029
0.49357056617736816
0.5324051380157471
0.5007355213165283
0.4920675754547119
0.5000379085540771
0.5085024833679199
0.49516868591308594
0.5045697689056396
0.5542800426483154
0.5951004028320312
0.5096209049224854
0.49785470962524414
0.5141174793243408
0.49786925315856934
0.543665885925293
0.516732931137085
0.46427321434020996
0.5006639957427979
0.5009143352508545
0.5172562599182129
1.1500062942504883
1.3890280723571777
1.3363595008850098
1.342637062072754
1.366419792175293
1.3878982067108154
