0.4984126091003418
0.5064685344696045
0.5010600090026855
0.4994239807128906
0.4855647087097168
0.47019100189208984
0.5019166469573975
0.4854471683502197
0.4873483180999756
0.49123668670654297
0.4898808002471924
0.4827721118927002
0.49063682556152344
0.49378132820129395
0.49318575859069824
0.48223137855529785
0.5012552738189697
0.501000165939331
0.480846643447876
0.5016791820526123
0.49137187004089355
0.5040538311004639
0.48967957496643066
0.5180034637451172
0.49127626419067383
0.4984912872314453
0.5065882205963135
0.49669909477233887
0.4824972152709961
0.49164843559265137
0.49758148193359375
0.484466552734375
0.49842095375061035
0.505699634552002
0.4994032382965088
0.4774158000946045
0.5112345218658447
0.4963364601135254
0.48356103897094727
0.5000298023223877
0.48949432373046875
0.511857271194458
0.49269962310791016
0.5122604370117188
0.4916112422943115
0.4980654716491699
0.497905969619751
0.4984440803527832
0.49834680557250977
0.4857356548309326
0.5064330101013184
0.49573802947998047
0.4963092803955078
0.5225262641906738
0.491466760635376
0.4949817657470703
0.4943976402282715
0.4863748550415039
0.49114227294921875
0.5019748210906982
0.4903411865234375
0.48290276527404785
0.4826982021331787
0.5005135536193848
0.4999985694885254
0.4995841979980469
0.5014781951904297
0.4987826347351074
0.4954965114593506
0.4945855140686035
0.5379011631011963
0.4809396266937256
0.5069670677185059
0.5009078979492188
0.5019536018371582
0.5021436214447021
0.48911070823669434
0.4965524673461914
0.49672365188598633
0.4888467788696289
0.48661255836486816
0.49891042709350586
0.49875807762145996
0.5049340724945068
0.49780893325805664
0.5029356479644775
0.4907674789428711
0.49884843826293945
0.4806032180786133
0.49881982803344727
0.496337890625
0.5072526931762695
0.489241361618042
0.5165305137634277
0.5188958644866943
0.49702882766723633
0.49794912338256836
0.48894810676574707
0.482074499130249
0.49231719970703125
